obj_bonus_gumball_background,96,331,000CB180,0,1,1,4294967295,0,0
obj_bonus_gumball_machine,160,172,00292F7F,0,1,1,4294967295,0,0
obj_bonus_gumball_plate,160,236,003EBC18,0,1,1,4294967295,0,0
obj_bonus_gumball_rod,160,201,000A3FC4,0,1,1,4294967295,0,0
obj_bonus_gumball_tiles,0,0,001B52A4,0,1,1,4294967295,0,0
obj_bonus_gumball_tiles,0,128,00339CFE,0,1,1,4294967295,0,0
obj_bonus_gumball_tiles,0,256,002F48DE,0,1,1,4294967295,0,0
obj_bonus_gumball_tiles,0,384,0035BDA6,0,1,1,4294967295,0,0
obj_bonus_gumball_tiles,0,512,00387AD9,0,1,1,4294967295,0,0
obj_bonus_gumball_tiles,0,640,00348C75,0,1,1,4294967295,0,0
obj_bonus_gumball_tiles,0,768,0020B8AC,0,1,1,4294967295,0,0
obj_bonus_gumball_tiles,0,896,0002ECCD,0,1,1,4294967295,0,0
obj_bonus_gumball_collapse,128,768,003574A5,0,1,1,4294967295,0,0
obj_bonus_gumball_collapse,96,768,000547D5,0,1,1,4294967295,0,0
obj_bonus_gumball_collapse,160,768,000C396C,0,1,1,4294967295,0,0
obj_bonus_gumball_collapse,192,768,0022399D,0,1,1,4294967295,0,0
obj_spring_up_red,208,752,00088761,0,1,1,4294967295,0,0
par_character,160,294,000E1A57,0,1,1,4294967295,0,0
obj_spring_up_red,176,752,00225FE4,0,1,1,4294967295,0,0
obj_spring_up_red,144,752,0002B76A,0,1,1,4294967295,0,0
obj_spring_up_red,112,752,0005E5B1,0,1,1,4294967295,0,0
obj_bonus_gumball_spring_breaker,96,744,001C6F4D,0,1,1,4294967295,0,0
object275,224,747,002B8CB2,0,1,1,4294967295,0,0
object275,224,123,00161A45,0,1,1,4294967295,0,0
object275,224,-5,00322B09,0,1,1,4294967295,0,0
object275,224,251,004003D1,0,1,1,4294967295,0,0
object275,224,379,00019B05,0,1,1,4294967295,0,0
object275,224,507,00087D31,0,1,1,4294967295,0,0
object275,224,635,002F1528,0,1,1,4294967295,0,0
obj_bonus_gumball_spring_breaker,104,744,00263A1B,0,1,1,4294967295,0,0
obj_bonus_gumball_spring_breaker,112,744,00089E3D,0,1,1,4294967295,0,0
obj_bonus_gumball_spring_breaker,120,744,00371705,0,1,1,4294967295,0,0
obj_bonus_gumball_spring_breaker,128,744,0011D21C,0,1,1,4294967295,0,0
obj_bonus_gumball_spring_breaker,136,744,0001F716,0,1,1,4294967295,0,0
obj_bonus_gumball_spring_breaker,136,744,001BF65A,0,1,1,4294967295,0,0
obj_bonus_gumball_spring_breaker,168,744,0031F31A,0,1,1,4294967295,0,0
obj_bonus_gumball_spring_breaker,184,744,003FC7FA,0,1,1,4294967295,0,0
obj_bonus_gumball_spring_breaker,192,744,0017CC38,0,1,1,4294967295,0,0
obj_bonus_gumball_spring_breaker,200,744,003A66E2,0,1,1,4294967295,0,0
obj_bonus_gumball_spring_breaker,208,744,003245BD,0,1,1,4294967295,0,0
obj_bonus_gumball_spring_breaker,160,744,00007B93,0,1,1,4294967295,0,0
obj_bonus_gumball_spring_breaker,144,744,001ABC6E,0,1,1,4294967295,0,0
obj_bonus_gumball_bumper,96,256,0004EDD7,0,1,1,4294967295,0,0
obj_bonus_gumball_bumper,96,288,00326C7A,0,1,1,4294967295,0,0
obj_bonus_gumball_bumper,96,320,0009767B,0,1,1,4294967295,0,0
obj_bonus_gumball_bumper,96,352,00168C73,0,1,1,4294967295,0,0
obj_bonus_gumball_bumper,96,384,003AE2A4,0,1,1,4294967295,0,0
obj_bonus_gumball_bumper,96,416,002E8923,0,1,1,4294967295,0,0
obj_bonus_gumball_bumper,96,448,0009286A,0,1,1,4294967295,0,0
obj_bonus_gumball_bumper,96,480,002F963D,0,1,1,4294967295,0,0
obj_bonus_gumball_bumper,96,512,00239A6E,0,1,1,4294967295,0,0
obj_bonus_gumball_bumper,96,544,001F1ED1,0,1,1,4294967295,0,0
obj_bonus_gumball_bumper,96,576,0019B3C6,0,1,1,4294967295,0,0
obj_bonus_gumball_bumper,96,608,001414D6,0,1,1,4294967295,0,0
obj_bonus_gumball_bumper,96,640,0036F60C,0,1,1,4294967295,0,0
obj_bonus_gumball_bumper,96,672,00111FB8,0,1,1,4294967295,0,0
obj_bonus_gumball_bumper,96,704,0003D9C0,0,1,1,4294967295,0,0
object276,216,256,000C0E9B,0,1,1,4294967295,0,0
object276,216,288,0010BFF5,0,1,1,4294967295,0,0
object276,216,319,000E158D,0,1,1,4294967295,0,0
object276,216,351,00153848,0,1,1,4294967295,0,0
object276,216,383,001EECAC,0,1,1,4294967295,0,0
object276,216,415,001F436F,0,1,1,4294967295,0,0
object276,216,447,0017AF94,0,1,1,4294967295,0,0
object276,216,479,0014FEEF,0,1,1,4294967295,0,0
object276,216,511,001CE063,0,1,1,4294967295,0,0
object276,216,543,003C8375,0,1,1,4294967295,0,0
object276,216,575,000983E5,0,1,1,4294967295,0,0
object276,216,607,003A70D6,0,1,1,4294967295,0,0
object276,216,639,0026A5BB,0,1,1,4294967295,0,0
object276,216,671,003EB2CF,0,1,1,4294967295,0,0
object276,216,703,0004BA7C,0,1,1,4294967295,0,0
obj_level_controller,96,3,000FA58D,0,1,1,4294967295,0,0
